0.000000	0.849504	0.861812	1.000000	0.862741	0.867001	0.854308	0.657816	0.819163	0.787659	0.931303	0.800980	0.748269	0.868461	0.912655	0.925511	0.861812	0.818058	0.953264	0.883324	0.857155	0.822152	0.836554	0.985017	0.946831	0.777406	0.873764	0.749430	0.811732	0.893845	0.872055	0.902674	0.941627	0.801644	0.822384	0.897543	0.876546	0.936762	0.914283	0.893052	0.843410	0.911877	0.856804	0.808044	0.777548	0.928308	0.853486	0.763862	0.951239	0.769868	0.893326	0.793858	0.790701	0.952268	0.843410	0.901436	0.894791	0.911031	0.956958	0.826056	0.804496	0.885687	0.820566	0.912478	0.831699	0.642134	0.790965	0.781085	0.793592	0.818940	0.927898	0.789875	0.884258	0.841830	0.935450	0.690889	0.824910	0.898167	0.680045	0.903677	0.658691	0.844272	0.777906	1.000000	0.818767	0.912762	0.766381	0.835196	0.829277	0.889189	0.834634	1.000000	0.891065	0.826169	0.788227	0.884183	0.941331	0.952594	0.877109	0.851386	0.935272	0.809467	0.929201	0.762773	0.833521	0.750929	0.858402	0.744293	0.953326
0.849504	0.000000	0.851755	0.833470	0.841367	0.898434	0.799658	0.747781	0.767158	0.874432	0.918418	0.896462	0.785348	0.810605	0.961112	0.847710	0.915523	0.708852	0.897726	0.852430	0.964268	0.781882	0.853757	0.714488	0.921577	0.791061	0.794692	0.793239	0.718465	0.784487	0.669045	0.924469	0.785985	0.716941	0.867875	0.801987	0.802260	0.949667	0.845700	0.884986	0.764223	0.705895	0.717760	0.771922	0.727521	0.943261	0.824870	0.859725	0.897653	0.786355	0.778599	0.816702	0.823189	0.774975	0.956689	0.736353	0.787306	0.831656	0.887782	0.633275	0.615392	0.826496	0.902568	0.875436	0.894776	0.712852	0.916187	0.789154	0.684338	0.738746	0.866036	0.855439	0.858954	0.846018	0.807653	0.767227	0.907539	0.908333	0.946414	0.754128	0.761210	0.723452	0.714011	0.762333	0.726619	0.714360	0.862635	0.587524	0.851870	0.722786	0.781619	0.936283	0.905797	0.841826	0.941055	0.681489	0.857686	0.704750	0.898300	0.743146	0.741630	0.780173	0.896483	0.738713	0.791522	0.683208	0.838706	0.787254	0.667898
0.861812	0.851755	0.000000	0.889901	0.964021	0.924889	0.890868	0.796561	0.889042	0.784860	0.894301	0.810928	0.782099	0.781563	0.836773	0.809460	0.424519	0.715107	0.802209	0.604575	0.675641	0.712603	0.839760	0.804073	0.828758	0.802595	0.805266	0.732370	0.734855	0.833541	0.906945	0.691682	0.823096	0.659174	0.833986	0.940744	0.677722	0.849052	0.839050	0.799170	0.855373	0.765696	0.795425	0.726637	0.761863	0.835856	0.850986	0.733605	0.813769	0.775952	0.711159	0.687878	0.780173	0.770255	0.661598	0.812084	0.896502	0.785603	0.849439	0.683843	0.834331	0.789771	0.868539	0.795425	0.927249	0.775730	0.582312	0.825700	0.749195	0.626748	0.828174	0.698878	0.679012	0.768892	0.796342	0.786349	0.834931	0.663238	0.862080	0.904951	0.724051	0.720366	0.935796	0.889476	0.910541	0.907706	0.692745	0.744816	0.629100	0.637271	0.796956	0.576168	0.864512	0.637124	0.841474	0.924259	0.900738	0.733877	0.692423	0.756090	0.762710	0.765853	0.843615	0.744933	0.865474	0.769670	0.910564	0.695122	0.823660
1.000000	0.833470	0.889901	0.000000	0.741505	1.000000	0.933906	0.816887	0.929726	0.921968	0.840135	0.869796	0.969508	0.812948	0.870207	0.920707	0.889901	0.807854	0.930110	0.941580	1.000000	0.948311	0.958240	0.782080	0.866603	0.814246	0.816181	0.844850	0.698070	0.710233	0.816499	0.901518	0.876582	0.912953	0.816572	0.892319	0.887660	0.931303	0.884043	0.860487	0.833486	0.720525	0.724538	0.943685	0.887725	0.832141	0.894436	0.946744	0.812189	0.895789	0.864970	0.833135	0.777203	0.820464	0.978130	0.852653	0.871256	0.770827	0.859303	0.825944	0.885093	0.972572	0.946149	0.867704	0.854341	0.847114	0.955966	0.787697	0.809517	0.910434	0.876321	0.833524	0.813936	1.000000	0.894193	0.901183	0.897944	0.838208	0.945335	0.814133	0.870223	0.869043	0.916037	0.774938	0.722418	0.800326	0.890270	0.812401	0.871256	0.842679	0.808024	0.957752	0.798192	0.823170	0.924756	0.941217	0.863322	0.914531	0.916037	0.781692	0.720730	0.813606	0.852442	0.936586	0.941632	0.888498	0.820482	0.935806	0.774160
0.862741	0.841367	0.964021	0.741505	0.000000	0.742086	0.685334	0.740981	0.858363	0.896705	0.656590	0.862619	1.000000	0.669638	0.874449	0.739627	0.886731	0.871876	0.926432	0.788437	0.930192	0.893739	0.917429	0.844187	0.711449	0.904494	0.895329	0.812253	0.908348	0.878982	0.865849	0.847651	0.804160	0.967782	0.880022	0.834166	0.916789	1.000000	0.813015	0.840919	0.896462	0.957501	0.857271	0.723219	0.889333	1.000000	0.770413	0.887370	0.680269	0.824188	0.796056	0.891199	0.827466	0.820503	0.957013	0.808568	0.792420	0.763317	0.758586	0.935604	0.818221	0.932320	0.879735	0.857271	0.939161	0.833470	0.953362	0.875417	0.885508	0.972512	0.865597	0.868813	0.890941	0.783389	0.846459	0.782249	0.744257	1.000000	1.000000	0.888150	0.867940	0.806575	0.877609	0.708287	0.839424	0.944075	0.885139	0.885591	0.933891	0.831169	0.891250	0.887410	0.808464	0.896143	0.778676	0.918452	0.802068	0.883683	0.939785	0.890297	0.940526	0.961032	0.784786	0.884028	0.877378	0.823876	0.701478	0.941132	0.811096
0.867001	0.898434	0.924889	1.000000	0.742086	0.000000	0.701128	0.937300	0.941217	0.947296	0.824819	0.882870	0.821051	0.801883	0.932889	0.771567	1.000000	0.879110	0.953312	0.779955	0.864176	0.852717	0.846059	0.922256	0.937879	0.957963	0.864303	0.862526	0.864176	0.982204	0.883540	0.826957	0.797413	0.889500	0.946286	0.885223	0.952985	0.841707	0.948763	1.000000	0.852460	1.000000	0.839503	0.935938	0.924604	0.916071	0.724187	0.731237	0.827611	0.918828	0.813542	0.975326	0.930740	0.831509	0.893133	0.906611	0.863556	0.892220	0.803665	0.987530	0.857565	0.852524	0.794489	0.934006	0.858246	0.936088	0.885880	1.000000	0.869276	0.934875	0.867116	0.886926	1.000000	0.812796	0.841917	0.951187	0.884638	0.962232	0.910947	0.919256	0.976762	0.820525	1.000000	0.853594	0.980658	0.941689	0.833673	0.918555	0.984102	0.837140	0.901708	0.816572	0.835783	0.983851	0.852099	0.820085	0.932019	0.908882	1.000000	0.918537	0.945149	1.000000	0.934800	0.849187	0.942121	0.800108	0.928178	1.000000	0.873347
0.854308	0.799658	0.890868	0.933906	0.685334	0.701128	0.000000	0.829974	0.774835	0.926553	0.783238	0.808294	0.970234	0.857243	0.851609	0.726888	0.890868	0.840694	0.864970	0.705434	0.774928	0.717702	0.789544	0.789707	0.734232	0.889771	0.937712	0.833999	0.929234	0.939750	0.831746	0.902160	0.644409	0.851619	0.755828	0.757571	0.812203	0.934846	0.749718	0.862743	0.795294	0.938785	0.868496	0.735087	0.872208	1.000000	0.640093	0.862132	0.727729	0.715555	0.751528	0.926620	0.869250	0.810956	0.947587	0.740546	0.801022	0.786704	0.820212	0.939783	0.798668	0.859472	0.811050	0.802197	0.979107	0.827835	0.863234	0.859754	0.900286	0.979024	0.828490	0.800555	0.895789	0.745423	0.819589	0.860478	0.729986	0.966930	0.922730	0.930094	0.781554	0.851708	0.935806	0.871050	0.857685	0.950390	0.941460	0.877512	0.847198	0.853178	0.945528	0.771831	0.851206	0.855443	0.774762	0.854746	0.809589	0.853841	0.935806	0.849217	0.912319	0.896360	0.833668	0.858322	0.950390	0.851343	0.867133	0.937335	0.879743
0.657816	0.747781	0.796561	0.816887	0.740981	0.937300	0.829974	0.000000	0.700589	0.732506	0.825700	0.621857	0.697613	0.756616	0.782099	0.786542	0.715219	0.757991	0.793004	0.840042	0.808263	0.662210	0.702739	0.967641	0.732292	0.797095	0.519346	0.582324	0.772515	0.691737	0.714365	0.863701	0.764694	0.679579	0.705130	0.640005	0.799292	0.719439	0.625525	0.823096	0.661170	0.779463	0.566731	0.592389	0.490279	0.750576	0.618165	0.771823	0.754597	0.644351	0.706141	0.690977	0.611216	0.589191	0.807400	0.602278	0.632361	0.654809	0.785618	0.687908	0.668663	0.658366	0.823894	0.650106	0.712472	0.663026	0.692621	0.545599	0.711886	0.585191	0.747816	0.662022	0.705145	0.807106	0.751242	0.569728	0.754125	0.934354	0.940575	0.823498	0.553984	0.764106	0.610066	0.835548	0.848113	0.777126	0.636046	0.707834	0.725260	0.710878	0.475442	0.863028	0.693269	0.695447	0.783821	0.868483	0.816770	0.763131	0.785603	0.895701	0.795970	0.710049	0.710072	0.647321	0.695447	0.505897	0.458967	0.744351	0.783406
0.819163	0.767158	0.889042	0.929726	0.858363	0.941217	0.774835	0.700589	0.000000	0.779926	0.842820	0.693929	0.714813	0.750504	0.858851	0.788162	0.889042	0.862619	0.859451	0.858711	0.932561	0.672073	0.759222	0.751592	0.808464	0.787061	0.868483	0.672276	0.781482	0.956182	0.778010	0.887046	0.948311	0.720110	0.876321	0.733536	0.794147	0.933561	0.879474	0.838213	0.775222	0.860660	0.688937	0.796667	0.755716	0.955081	0.764956	0.798149	0.945120	0.817809	0.774938	0.834166	0.765816	0.834166	0.895244	0.807799	0.788437	0.896619	1.000000	0.799359	0.558912	0.846679	0.900884	0.860679	0.929873	0.822364	0.767727	0.686459	0.735630	0.828174	0.818238	0.855286	0.944483	1.000000	0.905580	0.822031	0.823969	0.968523	0.935152	0.813918	0.869168	0.868215	0.769245	0.931074	0.861553	0.873239	0.818801	0.808464	0.725620	0.837639	0.762370	0.946303	0.854487	0.873239	0.779448	0.942026	0.805329	0.912385	0.789146	0.713151	0.950228	0.886926	1.000000	0.627909	0.873239	0.742985	0.864341	0.795867	0.798312
0.787659	0.874432	0.784860	0.921968	0.896705	0.947296	0.926553	0.732506	0.779926	0.000000	0.930527	0.786943	0.823377	0.734699	1.000000	0.827991	0.784860	0.802923	0.782119	0.774474	0.834970	0.653398	0.821330	0.898769	0.881357	0.791873	0.806128	0.633685	0.782617	0.835403	0.898229	0.738553	0.942071	0.708769	0.810967	0.943036	0.737507	0.866705	0.948072	0.798688	0.768836	0.845488	0.833329	0.609970	0.774270	0.923214	0.837308	0.600171	0.938032	0.704145	0.844106	0.742404	0.662421	0.882908	0.809061	0.861118	0.774938	0.890941	1.000000	0.688411	0.813426	0.825884	0.814246	0.957013	0.853740	0.803424	0.697863	0.707480	0.637985	0.726637	0.823752	0.856616	0.886995	0.949450	0.823772	0.817809	0.941554	0.900124	0.922290	0.787808	0.786134	0.693048	0.932561	0.792872	0.902899	0.809589	0.679667	0.705941	0.654068	0.740464	0.736463	0.950390	0.940241	0.714908	0.921856	0.949407	0.938763	0.910363	0.781482	0.875882	0.794935	0.788794	0.929349	0.664043	0.775599	0.713996	0.836143	0.853792	0.792338
0.931303	0.918418	0.894301	0.840135	0.656590	0.824819	0.783238	0.825700	0.842820	0.930527	0.000000	0.858851	0.928757	0.809568	0.746815	0.935525	0.894301	0.903303	0.847249	0.799588	0.759184	0.936795	0.935933	0.852971	0.596340	0.937083	0.856236	0.840946	0.946870	0.863138	0.885673	0.739048	0.938825	0.843954	0.874859	0.884593	0.964021	0.894486	0.691746	0.843381	0.959036	0.894602	0.786704	0.820427	0.944306	0.890910	0.763634	0.821874	0.740736	0.876564	0.876064	0.884986	0.825944	0.749718	0.874670	0.884261	0.890240	0.817679	0.824408	0.955966	0.813918	1.000000	0.946055	0.900306	0.919863	0.812203	0.858377	0.868754	0.949386	0.985021	0.781482	0.842669	0.964041	0.940343	0.867407	0.797913	0.877914	0.938273	0.930020	0.948072	0.970276	0.851277	0.925597	0.684416	0.830176	0.954174	0.800555	0.905756	0.938940	0.830694	0.906301	0.884593	0.867133	0.954174	0.814148	0.904770	0.774260	0.968367	0.844026	0.876321	0.882478	0.977937	0.849903	0.937032	0.943454	0.964781	0.865124	0.927643	0.777193
0.800980	0.896462	0.810928	0.869796	0.862619	0.882870	0.808294	0.621857	0.693929	0.786943	0.858851	0.000000	0.725907	0.788977	0.878475	0.752186	0.708615	0.807367	0.807949	0.779416	0.891157	0.567062	0.719828	0.941554	0.755828	0.693640	0.684636	0.804835	0.791538	0.847835	0.902803	0.884766	0.813065	0.760678	0.817271	0.765941	0.813936	0.860921	0.743025	0.876604	0.638545	0.871302	0.760374	0.784690	0.605927	0.970496	0.726675	0.656462	0.670215	0.790153	0.638298	0.672185	0.603382	0.626999	0.837674	0.793773	0.715009	0.763152	0.788794	0.819225	0.703967	0.795499	0.754226	0.815841	0.926826	0.866123	0.643330	0.839473	0.785966	0.836382	0.679353	0.769546	0.879519	0.939084	0.835262	0.858407	0.780390	0.923543	0.844527	0.790889	0.731617	0.795540	0.896360	0.870190	0.890606	0.825755	0.694187	0.841593	0.652964	0.831026	0.766381	0.847081	0.645600	0.752276	0.757751	0.920824	0.921861	0.786263	0.797842	0.785782	0.958865	0.839681	0.845353	0.657850	0.889053	0.780253	0.675877	0.936388	0.873271
0.748269	0.785348	0.782099	0.969508	1.000000	0.821051	0.970234	0.697613	0.714813	0.823377	0.928757	0.725907	0.000000	0.776245	0.838162	0.893463	0.862421	0.829277	0.818336	0.878913	0.872776	0.784788	0.732026	0.944595	0.962596	0.802055	0.729278	0.740877	0.872776	0.908781	0.865196	0.854124	0.888366	0.670317	0.946414	0.851680	0.801067	0.864317	0.943304	0.934930	0.739296	0.843058	0.735229	0.865314	0.729112	0.802786	0.734508	0.688036	0.814329	0.704936	0.845875	0.803652	0.753137	0.794243	0.726353	0.810673	0.893133	0.946900	0.815636	0.687353	0.661518	0.649377	0.828026	0.889849	0.857514	0.805608	0.652249	0.716250	0.733601	0.742379	0.832489	0.756836	0.917488	0.938739	0.860008	0.847922	0.881979	0.762416	0.863921	0.795294	0.812878	0.775521	0.777049	0.891399	0.941235	0.873151	0.622839	0.790301	0.710952	0.733916	0.674090	0.940425	0.763996	0.774148	0.862209	0.854296	0.892304	0.828960	0.792004	0.744417	0.924207	0.811256	0.853095	0.617210	0.832489	0.681182	0.858686	0.762182	0.728714
0.868461	0.810605	0.781563	0.812948	0.669638	0.801883	0.857243	0.756616	0.750504	0.734699	0.809568	0.788977	0.776245	0.000000	0.866216	0.834332	0.721530	0.690999	0.871691	0.824115	0.897221	0.672292	0.757662	0.800688	0.713120	0.795466	0.803861	0.640263	0.712870	0.784806	0.736941	0.519306	0.825474	0.722786	0.902314	0.850066	0.648888	0.895848	0.857955	0.876630	0.809648	0.833795	0.813109	0.755424	0.751272	0.954811	0.796543	0.612608	0.818221	0.861557	0.693282	0.714952	0.568685	0.804629	0.738549	0.832404	0.759226	0.808936	0.892862	0.766139	0.659285	0.899350	0.701805	0.869186	0.874500	0.870524	0.643541	0.749817	0.638783	0.739502	0.819109	0.802599	0.856475	0.796152	0.624083	0.727127	0.839716	0.853661	0.957912	0.782349	0.807924	0.573807	0.952113	0.759198	0.915279	0.823221	0.725211	0.636442	0.638488	0.699496	0.785610	0.841808	0.708897	0.643939	0.894061	0.873321	0.834959	0.866739	0.796793	0.787466	0.852861	0.842679	0.749033	0.608834	0.784986	0.777732	0.762438	0.723452	0.703942
0.912655	0.961112	0.836773	0.870207	0.874449	0.932889	0.851609	0.782099	0.858851	1.000000	0.746815	0.878475	0.838162	0.866216	0.000000	0.944789	0.836773	1.000000	0.884230	0.863286	0.779227	0.927352	0.936762	0.947746	0.819980	1.000000	0.770018	0.876621	1.000000	0.932561	0.891322	0.945966	0.857741	0.885059	0.880622	0.813063	0.932320	0.843713	0.795577	0.931057	0.914283	0.976482	0.892829	0.813733	0.938852	0.911434	0.822897	0.941957	0.770174	0.868813	0.941886	0.945734	0.846718	0.838142	0.827453	0.890135	0.893554	0.873856	0.759184	0.965680	0.889037	0.879691	0.861378	0.892829	0.901883	0.941692	0.835672	0.916210	0.958240	1.000000	0.810205	0.681086	0.934179	0.898935	0.921796	0.936882	0.802568	0.954050	1.000000	1.000000	0.896938	1.000000	0.886926	0.882251	0.936164	1.000000	0.877109	0.958715	0.877914	0.949122	0.907848	0.880817	0.863718	0.934879	0.858698	1.000000	0.930833	0.945396	0.886926	0.891526	0.973696	0.933787	0.823778	0.948072	0.967315	1.000000	0.830590	0.904730	0.832765
0.925511	0.847710	0.809460	0.920707	0.739627	0.771567	0.726888	0.786542	0.788162	0.827991	0.935525	0.752186	0.893463	0.834332	0.944789	0.000000	0.809460	0.839415	0.793643	0.756627	0.861643	0.809274	0.858322	0.847276	0.783839	0.774725	0.884738	0.879664	0.884852	0.929380	0.848770	0.936048	0.818049	0.821919	0.764987	0.896755	0.764956	0.946334	0.838115	0.940366	0.792853	0.862463	0.838232	0.833564	0.782811	0.949550	0.787267	0.890078	0.798149	0.775857	0.649207	0.846455	0.845007	0.649417	0.798448	0.751126	0.808504	0.610347	0.862070	0.807528	0.811288	0.804636	0.868515	0.762280	1.000000	0.848481	0.788612	0.822349	0.797715	0.909796	0.758302	0.899611	0.862931	0.752908	0.813621	0.905119	0.718449	0.966794	0.951458	0.749013	0.760254	0.815858	0.887725	0.907434	0.916655	0.948180	0.863139	0.887538	0.738085	0.774576	0.713023	0.778075	0.882908	0.826917	0.875596	0.861858	0.859548	0.763879	0.887725	0.835168	0.891243	0.769780	0.940241	0.752254	0.887421	0.730173	0.873239	0.929188	0.892171
0.861812	0.915523	0.424519	0.889901	0.886731	1.000000	0.890868	0.715219	0.889042	0.784860	0.894301	0.708615	0.862421	0.721530	0.836773	0.809460	0.000000	0.793413	0.887546	0.715289	0.771342	0.712603	0.839760	0.888462	0.651987	0.890126	0.805266	0.732370	0.829573	0.833541	0.954309	0.770535	0.823096	0.739248	0.833986	0.940744	0.677722	0.928887	0.754597	0.900582	0.780642	0.848218	0.924616	0.726637	0.761863	0.923581	0.917760	0.733605	0.813769	0.775952	0.711159	0.687878	0.706318	0.770255	0.661598	0.812084	0.896502	0.702963	0.849439	0.767659	0.903899	0.789771	0.868539	0.795425	1.000000	0.775730	0.679442	0.825700	0.831321	0.626748	0.738429	0.698878	0.679012	0.768892	0.796342	0.786349	0.834931	0.742379	0.862080	0.904951	0.724051	0.809460	0.935796	0.889476	0.983722	0.978342	0.692745	0.828758	0.629100	0.788142	0.720781	0.675386	0.785905	0.637124	0.745285	0.924259	0.816461	0.733877	0.590344	0.835379	0.841039	0.765853	0.749329	0.744933	0.865474	0.769670	0.825589	0.784844	0.896619
0.818058	0.708852	0.715107	0.807854	0.871876	0.879110	0.840694	0.757991	0.862619	0.802923	0.903303	0.807367	0.829277	0.690999	1.000000	0.839415	0.793413	0.000000	0.936272	0.823969	0.940966	0.752944	0.858097	0.880322	0.867868	0.600290	0.875551	0.666011	0.652140	0.633020	0.749835	0.752854	0.768388	0.796166	0.838704	0.902774	0.820793	0.845725	0.958036	0.824290	0.795620	0.704887	0.684120	0.763041	0.733031	0.851583	0.825099	0.681822	0.909545	0.795049	0.631178	0.727477	0.672108	0.803414	0.902674	0.823230	0.818969	0.841420	0.957488	0.680719	0.639905	0.938870	0.749972	0.875038	0.935264	0.802246	0.833631	0.733680	0.769513	0.768859	0.953826	0.872776	0.832489	0.870190	0.786861	0.670379	0.850884	0.843151	0.854045	0.785454	0.640892	0.608595	0.940353	0.878123	0.770988	0.889037	0.753432	0.514229	0.768813	0.606804	0.746654	0.933692	0.918688	0.750094	0.862650	0.854396	0.904519	0.864681	0.878913	0.845698	0.780860	0.662576	0.864176	0.796469	0.759935	0.751622	0.955250	0.749732	0.760644
0.953264	0.897726	0.802209	0.930110	0.926432	0.953312	0.864970	0.793004	0.859451	0.782119	0.847249	0.807949	0.818336	0.871691	0.884230	0.793643	0.887546	0.936272	0.000000	0.665843	0.800326	0.867116	0.726870	0.929754	0.758324	0.868552	0.742741	0.948763	0.949180	0.912841	0.892633	0.832911	0.790920	0.786252	0.831509	0.757485	0.756876	0.783973	0.820177	0.937379	0.786266	0.843177	0.799808	0.807140	0.759328	0.854341	0.534558	0.818969	0.713666	0.775222	0.787226	0.797160	0.843588	0.709073	0.711858	0.777417	0.732094	0.885658	0.799577	0.788505	0.821679	0.868539	0.842408	0.733411	0.858711	0.896571	0.705266	0.757373	0.888150	0.907612	0.818441	0.937775	0.769187	0.949804	0.872288	0.964780	0.774010	0.940818	0.928443	0.760562	0.868897	0.793643	0.884043	0.707189	0.946113	0.818441	0.787054	0.889489	0.732094	0.725981	0.870815	0.833135	0.812401	0.734232	1.000000	0.951082	0.795340	0.851863	0.921453	0.830101	0.902160	0.760161	0.876981	0.815169	0.818441	0.841835	0.785283	0.925483	0.746694
0.883324	0.852430	0.604575	0.941580	0.788437	0.779955	0.705434	0.840042	0.858711	0.774474	0.799588	0.779416	0.878913	0.824115	0.863286	0.756627	0.715289	0.823969	0.665843	0.000000	0.799630	0.730002	0.892304	0.872445	0.832807	0.876163	0.728849	0.849046	0.834957	0.961923	0.904877	0.759574	0.757267	0.791276	0.837749	0.899050	0.822334	0.781482	0.881744	0.954785	0.705195	0.884245	0.810666	0.692097	0.811753	0.922013	0.705779	0.755828	0.663220	0.705762	0.715273	0.899904	0.777031	0.709382	0.837899	0.722835	0.800743	0.658778	0.772573	0.851404	0.832559	0.705048	0.818089	0.852943	0.930584	0.836727	0.750215	0.879474	0.885206	0.834591	0.884986	0.926390	0.891487	0.783973	0.857485	0.877890	0.896857	0.947433	0.779712	0.887410	0.788794	0.807140	0.937326	0.735821	0.958240	0.955217	0.807127	0.832807	0.812401	0.651888	0.851863	0.693860	0.884043	0.810521	0.770040	0.847249	0.908348	0.703154	0.858036	0.833135	0.894436	0.771634	0.865658	0.885093	0.884986	0.823660	0.877319	0.921163	0.644731
0.857155	0.964268	0.675641	1.000000	0.930192	0.864176	0.774928	0.808263	0.932561	0.834970	0.759184	0.891157	0.872776	0.897221	0.779227	0.861643	0.771342	0.940966	0.800326	0.799630	0.000000	0.829074	0.875412	0.789751	0.744721	0.983383	0.872175	0.858686	1.000000	0.902524	0.858569	0.704920	0.934812	0.727832	0.689188	0.848681	0.829974	0.856616	0.711999	0.763988	0.922346	0.939211	0.873036	0.815259	0.942833	0.833519	0.760498	0.769780	0.853095	0.808875	0.943036	0.876530	0.814135	0.803898	0.705265	0.888773	0.884986	0.771823	0.851019	0.934237	0.949675	0.865474	0.898474	0.802429	0.869100	0.692405	0.763152	0.809460	0.857031	0.876350	0.804986	0.754517	0.873236	0.707780	0.869299	0.809854	0.879924	0.794552	0.882701	0.961112	0.835268	0.884852	0.935320	0.942749	0.909008	0.952205	0.880718	0.892992	0.810521	0.751620	0.845862	0.709717	0.937775	0.818801	0.848998	0.946870	0.937023	0.867763	0.733605	0.946620	0.689580	0.865295	0.826132	0.838115	0.895789	0.906694	0.929217	0.867732	0.949387
0.822152	0.781882	0.712603	0.948311	0.893739	0.852717	0.717702	0.662210	0.672073	0.653398	0.936795	0.567062	0.784788	0.672292	0.927352	0.809274	0.712603	0.752944	0.867116	0.730002	0.829074	0.000000	0.591978	0.871202	0.839844	0.831358	0.787650	0.615673	0.773282	0.895076	0.902336	0.769973	0.867133	0.613635	0.762640	0.689188	0.633171	0.852585	0.873180	0.758753	0.717307	0.903564	0.776764	0.565633	0.748735	0.916759	0.778911	0.497520	0.876621	0.735493	0.689511	0.790301	0.671975	0.735625	0.800566	0.803833	0.728352	0.836503	0.925509	0.819119	0.742208	0.759406	0.770502	0.885814	0.924499	0.818920	0.611806	0.795867	0.681380	0.764805	0.789865	0.776528	0.827692	0.782617	0.706456	0.810243	0.898474	0.938015	0.929290	0.876058	0.704064	0.661443	0.932320	0.884545	0.939180	0.851380	0.762182	0.749718	0.699388	0.776356	0.786854	0.864126	0.801407	0.722549	0.924499	0.824948	0.928814	0.812870	0.779643	0.825657	0.895244	0.738599	0.762369	0.740034	0.789865	0.719005	0.759527	0.848807	0.823349
0.836554	0.853757	0.839760	0.958240	0.917429	0.846059	0.789544	0.702739	0.759222	0.821330	0.935933	0.719828	0.732026	0.757662	0.936762	0.858322	0.839760	0.858097	0.726870	0.892304	0.875412	0.591978	0.000000	0.891406	0.898794	0.885889	0.809056	0.823942	0.907595	0.896263	1.000000	0.845837	0.754422	0.718423	0.838976	0.699691	0.629084	0.828378	0.835903	0.897116	0.722676	0.920861	0.862567	0.792268	0.714642	0.896593	0.659344	0.752127	0.780479	0.723294	0.821123	0.814529	0.769765	0.849504	0.766262	0.869663	0.823590	0.917899	0.842784	0.838585	0.827768	0.800649	0.778171	0.726995	0.934812	0.830898	0.697095	0.828340	0.803265	0.790904	0.835959	0.806389	0.742850	0.826609	0.704602	0.891372	0.740546	0.897113	0.941053	0.850682	0.814345	0.643977	0.938670	0.894306	0.894328	0.801312	0.713452	0.881573	0.797609	0.836717	0.780965	0.911662	0.789859	0.734320	0.944358	0.903899	0.860499	0.825668	0.872583	0.873381	0.908964	0.770532	0.778877	0.785787	0.856550	0.739434	0.722595	0.878807	0.872906
0.985017	0.714488	0.804073	0.782080	0.844187	0.922256	0.789707	0.967641	0.751592	0.898769	0.852971	0.941554	0.944595	0.800688	0.947746	0.847276	0.888462	0.880322	0.929754	0.872445	0.789751	0.871202	0.891406	0.000000	0.885093	0.855583	0.963627	0.949180	0.879664	0.884852	0.830479	0.770185	0.946744	0.855688	0.905559	0.894635	0.880561	1.000000	0.834166	0.779651	0.926512	0.825657	0.900479	0.942189	0.953506	1.000000	0.954121	0.944075	0.896623	0.962286	0.931406	0.897481	0.785127	0.907798	0.952268	0.965232	0.936586	0.747737	0.956421	0.821841	0.825474	0.903094	0.942666	0.907539	1.000000	0.774821	0.953899	0.934516	0.765715	0.893275	0.809181	0.895789	0.947613	0.868215	0.832518	0.902167	0.948001	0.799111	0.797224	0.943904	0.952260	0.881740	0.992862	0.864483	0.832536	0.882908	0.963256	0.818412	0.876780	0.831733	0.849922	0.789460	0.935804	0.900780	0.865974	0.920081	0.939569	0.890739	0.825067	0.818782	0.677345	0.963686	0.938940	0.819615	1.000000	0.919404	0.905756	0.887725	0.819615
0.946831	0.921577	0.828758	0.866603	0.711449	0.937879	0.734232	0.732292	0.808464	0.881357	0.596340	0.755828	0.962596	0.713120	0.819980	0.783839	0.651987	0.867868	0.758324	0.832807	0.744721	0.839844	0.898794	0.885093	0.000000	0.896143	0.888796	0.767102	0.854385	0.857711	0.808816	0.715425	0.769661	0.743189	0.839503	0.798100	0.791870	0.941132	0.635838	0.876582	0.853757	0.790580	0.830347	0.759328	0.790488	0.959246	0.734093	0.810956	0.808750	0.843222	0.668138	0.755853	0.814010	0.697521	0.666972	0.737537	0.748090	0.778827	0.859221	0.859725	0.796596	0.941213	0.783167	0.758564	0.953336	0.851664	0.752321	0.806954	0.911161	0.919576	0.600652	0.743225	0.802366	0.877378	0.805036	0.737686	0.639854	0.828683	0.947411	0.881118	0.887611	0.851170	0.899670	0.814410	0.892011	0.920746	0.805711	0.880360	0.691909	0.876098	0.864686	0.846194	0.683915	0.769973	0.866075	0.935405	0.579271	0.922697	0.785029	0.853518	0.857271	0.874725	0.798136	0.777708	0.897590	0.867526	0.810589	0.886712	0.896793
0.777406	0.791061	0.802595	0.814246	0.904494	0.957963	0.889771	0.797095	0.787061	0.791873	0.937083	0.693640	0.802055	0.795466	1.000000	0.774725	0.890126	0.600290	0.868552	0.876163	0.983383	0.831358	0.885889	0.855583	0.896143	0.000000	0.874670	0.787623	0.668233	0.770988	0.754248	0.899402	0.807367	0.776744	0.829893	0.899948	0.887725	0.878266	0.953826	0.867257	0.791912	0.722337	0.746666	0.836420	0.691481	0.868830	0.792474	0.777181	0.898624	0.856571	0.632194	0.712386	0.707868	0.853125	0.827149	0.805137	0.810439	0.837177	0.964195	0.578309	0.604322	0.928425	0.890456	0.823551	0.939084	0.851917	0.811110	0.735087	0.776565	0.839936	0.876561	0.938852	0.872092	1.000000	0.873351	0.768685	0.839172	0.836812	0.721600	0.675746	0.748377	0.717936	0.889053	0.920822	0.649981	0.863791	0.856556	0.714590	0.723077	0.636426	0.797589	0.927131	0.909896	0.840918	0.860774	0.926140	0.898283	0.840261	0.889053	0.771447	0.816620	0.836286	1.000000	0.735837	0.810343	0.750963	0.937096	0.808121	0.847923
0.873764	0.794692	0.805266	0.816181	0.895329	0.864303	0.937712	0.519346	0.868483	0.806128	0.856236	0.684636	0.729278	0.803861	0.770018	0.884738	0.805266	0.875551	0.742741	0.728849	0.872175	0.787650	0.809056	0.963627	0.888796	0.874670	0.000000	0.796767	0.785713	0.723624	0.872682	0.848647	0.795364	0.656657	0.835809	0.705130	0.888894	0.529530	0.736503	1.000000	0.626962	0.805123	0.666556	0.833520	0.667278	0.767516	0.714381	0.813326	0.609202	0.790472	0.819354	0.838126	0.582006	0.651018	0.833187	0.695592	0.810946	0.647104	0.539298	0.715370	0.788109	0.636940	0.745447	0.790989	0.697035	0.896482	0.760493	0.810804	0.890061	0.575590	0.813136	0.798572	0.877191	0.938169	0.810771	0.818444	0.944772	1.000000	0.938068	0.828629	0.777208	0.884738	0.729023	0.583435	0.872704	0.740648	0.628823	0.763191	0.885059	0.799579	0.646328	0.825513	0.673450	0.762710	0.855881	0.863275	0.940661	0.699241	0.869562	0.778771	0.834092	0.803208	0.731658	0.895948	0.880544	0.758453	0.542525	0.878474	0.604443
0.749430	0.793239	0.732370	0.844850	0.812253	0.862526	0.833999	0.582324	0.672276	0.633685	0.840946	0.804835	0.740877	0.640263	0.876621	0.879664	0.732370	0.666011	0.948763	0.849046	0.858686	0.615673	0.823942	0.949180	0.767102	0.787623	0.796767	0.000000	0.556986	0.815636	0.803857	0.703367	0.786806	0.626962	0.749631	0.761180	0.744816	0.848998	0.824302	0.762714	0.774469	0.739610	0.672706	0.629864	0.664895	0.827454	0.719024	0.659095	0.968371	0.741310	0.594900	0.772117	0.726020	0.874238	0.773564	0.678232	0.747104	0.845489	1.000000	0.668341	0.667008	0.813220	0.831779	0.791258	0.844026	0.753420	0.662782	0.610448	0.719638	0.591130	0.798552	0.656382	0.750735	0.871369	0.754197	0.540243	0.763714	0.842328	0.930050	0.807037	0.699246	0.714758	0.841861	0.895448	0.812878	0.893352	0.685568	0.672884	0.709248	0.729573	0.668828	0.906528	0.812256	0.727955	0.844026	0.854341	0.745654	0.864737	0.841861	0.788582	0.809661	0.750883	0.879151	0.693114	0.707147	0.526727	0.876911	0.684636	0.720730
0.811732	0.718465	0.734855	0.698070	0.908348	0.864176	0.929234	0.772515	0.781482	0.782617	0.946870	0.791538	0.872776	0.712870	1.000000	0.884852	0.829573	0.652140	0.949180	0.834957	1.000000	0.773282	0.907595	0.879664	0.854385	0.668233	0.785713	0.556986	0.000000	0.796765	0.759467	0.773081	0.789146	0.707011	0.763996	0.837542	0.746896	0.827746	0.891487	0.886522	0.688567	0.465560	0.591491	0.861288	0.660236	0.833519	0.806333	0.783669	0.958560	0.844240	0.614118	0.773839	0.778910	0.801227	0.858777	0.692837	0.729659	0.846418	0.992739	0.701068	0.695307	0.865474	0.817705	0.856682	0.848998	0.840240	0.763152	0.720366	0.674911	0.676691	0.818801	0.772731	0.741310	0.956182	0.775672	0.737211	0.903938	0.830620	0.778316	0.751622	0.813775	0.752151	0.864639	0.912364	0.746574	0.736138	0.774115	0.676266	0.733536	0.738736	0.796020	0.907128	0.727955	0.717617	0.927643	0.766829	0.759728	0.860435	0.926390	0.765114	0.834329	0.753231	0.967087	0.762403	0.818801	0.664746	0.890868	0.793571	0.742208
0.893845	0.784487	0.833541	0.710233	0.878982	0.982204	0.939750	0.691737	0.956182	0.835403	0.863138	0.847835	0.908781	0.784806	0.932561	0.929380	0.833541	0.633020	0.912841	0.961923	0.902524	0.895076	0.896263	0.884852	0.857711	0.770988	0.723624	0.815636	0.796765	0.000000	0.803105	0.863280	0.854743	0.782313	0.832489	0.944304	0.885274	0.826346	0.829654	0.803143	0.890859	0.805188	0.796166	0.898253	0.895096	0.753729	0.868680	0.827499	0.865285	0.904765	0.836460	0.577161	0.758630	0.844551	0.916859	0.866762	0.844032	0.776403	0.804057	0.641657	0.797443	0.937260	0.914389	0.830839	0.801229	0.894824	0.891260	0.778949	0.747700	0.699600	0.899611	0.795765	0.844240	0.908432	0.850714	0.756979	0.924478	0.817387	0.938642	0.728118	0.743360	0.735599	0.867732	0.774270	0.735602	0.699783	0.818505	0.426151	0.818806	0.750569	0.739750	0.908882	0.922890	0.828461	0.888815	0.990000	0.938785	0.872727	0.827692	0.868940	0.544650	0.841921	0.848998	0.822351	0.826368	0.839112	0.805302	0.852501	0.893634
0.872055	0.669045	0.906945	0.816499	0.865849	0.883540	0.831746	0.714365	0.778010	0.898229	0.885673	0.902803	0.865196	0.736941	0.891322	0.848770	0.954309	0.749835	0.892633	0.904877	0.858569	0.902336	1.000000	0.830479	0.808816	0.754248	0.872682	0.803857	0.759467	0.803105	0.000000	0.874429	0.905486	0.848055	0.827364	0.819559	0.868602	0.851877	0.867393	0.885693	0.834769	0.743958	0.572805	0.824899	0.765411	0.777880	0.779560	0.857070	1.000000	0.879429	0.797160	0.778235	0.833435	0.716458	0.880520	0.701702	0.733368	0.830114	1.000000	0.776833	0.635534	0.882981	0.856385	0.792512	0.699181	0.726874	0.854480	0.672942	0.632822	0.855175	0.912743	0.854060	0.802320	0.823221	0.857262	0.720765	0.874517	0.801433	0.864718	0.764346	0.854033	0.802614	0.709530	0.946964	0.859307	0.821749	0.960687	0.627258	0.733368	0.680976	0.791489	0.849637	0.857250	0.865364	0.874733	0.754839	0.794441	0.908451	0.866174	0.876926	0.707009	0.868213	0.950210	0.680716	0.679874	0.762461	0.914834	0.747612	0.814368
0.902674	0.924469	0.691682	0.901518	0.847651	0.826957	0.902160	0.863701	0.887046	0.738553	0.739048	0.884766	0.854124	0.519306	0.945966	0.936048	0.770535	0.752854	0.832911	0.759574	0.704920	0.769973	0.845837	0.770185	0.715425	0.899402	0.848647	0.703367	0.773081	0.863280	0.874429	0.000000	0.856803	0.653172	0.899963	0.873420	0.807531	0.826338	0.843227	0.885223	0.911149	0.838723	0.809655	0.848481	0.795517	0.879569	0.774975	0.658602	0.835567	0.913918	0.834003	0.814134	0.696260	0.847362	0.756971	0.897338	0.783661	0.824580	0.900306	0.861807	0.809697	0.889544	0.739814	0.874539	0.822364	0.813009	0.592885	0.852430	0.791128	0.720773	0.787988	0.824716	0.845219	0.830372	0.669161	0.745407	0.870408	0.759761	0.902906	0.915645	0.895244	0.782480	1.000000	0.773356	0.958210	0.857271	0.700044	0.812438	0.780966	0.665151	0.794307	0.746098	0.787486	0.741202	0.941692	0.940621	0.842825	0.868117	0.767776	0.804041	0.743146	0.885166	0.840645	0.736394	0.857271	0.795870	0.854570	0.781148	0.783552
0.941627	0.785985	0.823096	0.876582	0.804160	0.797413	0.644409	0.764694	0.948311	0.942071	0.938825	0.813065	0.888366	0.825474	0.857741	0.818049	0.823096	0.768388	0.790920	0.757267	0.934812	0.867133	0.754422	0.946744	0.769661	0.807367	0.795364	0.786806	0.789146	0.854743	0.905486	0.856803	0.000000	0.796166	0.837520	0.676013	0.824302	0.853652	0.749631	0.972164	0.632016	0.738852	0.827663	0.798256	0.605928	0.919243	0.564047	0.883186	0.609868	0.705762	0.543179	0.861027	0.802102	0.806433	0.892829	0.609172	0.679493	0.772819	0.695591	0.717833	0.803674	0.799682	0.753882	0.669195	0.926548	0.875742	0.826368	0.801407	0.956159	0.778890	0.762640	0.865295	0.755832	0.868897	0.701073	0.789325	0.760222	0.899546	0.921945	0.854494	0.735226	0.767520	0.936466	0.810967	0.847835	0.893527	0.792585	0.804532	0.758112	0.732678	0.860747	0.777424	0.663508	0.667547	0.860273	0.852717	0.740445	0.734687	1.000000	0.849497	0.899728	0.845310	0.777309	0.849217	0.851031	0.654502	0.793517	0.869625	0.758204
0.801644	0.716941	0.659174	0.912953	0.967782	0.889500	0.851619	0.679579	0.720110	0.708769	0.843954	0.760678	0.670317	0.722786	0.885059	0.821919	0.739248	0.796166	0.786252	0.791276	0.727832	0.613635	0.718423	0.855688	0.743189	0.776744	0.656657	0.626962	0.707011	0.782313	0.848055	0.653172	0.796166	0.000000	0.782878	0.757573	0.554252	0.763298	0.811536	0.907806	0.770903	0.725160	0.753337	0.790878	0.648029	0.776923	0.707763	0.685369	0.855456	0.751677	0.653326	0.770118	0.672195	0.792132	0.539736	0.700064	0.724503	0.769334	0.825963	0.643951	0.768123	0.766923	0.807618	0.812610	0.781214	0.818970	0.537087	0.747894	0.763914	0.629079	0.600427	0.709939	0.731914	0.893966	0.799027	0.699132	0.847134	0.758467	0.835366	0.655864	0.714214	0.812899	0.871161	0.847150	0.866162	0.842167	0.698530	0.698222	0.623288	0.712112	0.747129	0.819183	0.801744	0.698283	0.939149	0.945577	0.897355	0.729817	0.710747	0.641710	0.718938	0.669932	0.885552	0.647556	0.763869	0.623162	0.852386	0.834738	0.812125
0.822384	0.867875	0.833986	0.816572	0.880022	0.946286	0.755828	0.705130	0.876321	0.810967	0.874859	0.817271	0.946414	0.902314	0.880622	0.764987	0.833986	0.838704	0.831509	0.837749	0.689188	0.762640	0.838976	0.905559	0.839503	0.829893	0.835809	0.749631	0.763996	0.832489	0.827364	0.899963	0.837520	0.782878	0.000000	0.798018	0.766872	0.807381	0.740609	0.712671	0.682099	0.823890	0.768990	0.697479	0.833987	0.772573	0.793760	0.850634	0.880523	0.661238	0.828940	0.874343	0.682417	0.760078	0.864125	0.675260	0.820464	0.751874	0.936928	0.803416	0.902568	0.942650	0.947884	0.703985	0.935806	0.739398	0.839942	0.666746	0.775450	0.853606	0.864299	0.754427	0.680642	0.806466	0.826369	0.774013	0.860202	0.903867	0.869575	0.840601	0.738922	0.891093	0.882596	0.900780	0.762160	0.866123	0.901292	0.839503	0.773348	0.835112	0.776583	0.837911	0.891188	0.765114	0.937085	0.867116	0.815643	0.828142	0.935259	0.907419	0.799456	0.706155	0.867170	0.843303	0.891933	0.802366	0.892514	0.883384	0.832280
0.897543	0.801987	0.940744	0.892319	0.834166	0.885223	0.757571	0.640005	0.733536	0.943036	0.884593	0.765941	0.851680	0.850066	0.813063	0.896755	0.940744	0.902774	0.757485	0.899050	0.848681	0.689188	0.699691	0.894635	0.798100	0.899948	0.705130	0.761180	0.837542	0.944304	0.819559	0.873420	0.676013	0.757573	0.798018	0.000000	0.833278	0.807937	0.804332	0.878884	0.751905	0.844971	0.662725	0.795294	0.720527	0.896002	0.530228	0.861960	0.826910	0.832911	0.772401	0.882814	0.774068	0.776800	0.866089	0.694293	0.648862	0.863116	0.836211	0.856143	0.735236	0.821498	0.652260	0.650275	0.871613	0.904897	0.847952	0.756599	0.950327	0.830739	0.803898	0.817632	0.785549	0.887725	0.729603	0.862338	0.811655	0.979983	1.000000	0.847139	0.872776	0.896755	0.845346	0.838115	0.887506	0.862252	0.897346	0.905620	0.899904	0.797760	0.817501	0.920393	0.686289	0.841420	0.938870	0.876321	0.775222	0.816323	0.912573	0.877393	0.952668	0.826098	0.771634	0.902568	0.757479	0.780173	0.740961	0.886607	0.789269
0.876546	0.802260	0.677722	0.887660	0.916789	0.952985	0.812203	0.799292	0.794147	0.737507	0.964021	0.813936	0.801067	0.648888	0.932320	0.764956	0.677722	0.820793	0.756876	0.822334	0.829974	0.633171	0.629084	0.880561	0.791870	0.887725	0.888894	0.744816	0.746896	0.885274	0.868602	0.807531	0.824302	0.554252	0.766872	0.833278	0.000000	0.938169	0.843259	0.885817	0.791276	0.772599	0.860488	0.751290	0.776453	0.856236	0.820835	0.786704	0.896502	0.614749	0.669632	0.659092	0.801987	0.789282	0.583663	0.695173	0.854570	0.860798	0.936088	0.787254	0.905797	0.803208	0.763095	0.769139	0.968495	0.792561	0.652697	0.684313	0.714556	0.798627	0.758822	0.730947	0.605329	0.813986	0.816738	0.790223	0.719551	0.724760	0.873160	0.561024	0.726637	0.717808	0.871149	0.955082	0.893257	0.873814	0.784669	0.791870	0.498744	0.815289	0.859990	0.839256	0.810946	0.500304	0.921601	0.875601	0.825129	0.789774	0.761013	0.697021	0.878059	0.466775	0.867479	0.704944	0.758822	0.782065	0.903218	0.813136	0.899922
0.936762	0.949667	0.849052	0.931303	1.000000	0.841707	0.934846	0.719439	0.933561	0.866705	0.894486	0.860921	0.864317	0.895848	0.843713	0.946334	0.928887	0.845725	0.783973	0.781482	0.856616	0.852585	0.828378	1.000000	0.941132	0.878266	0.529530	0.848998	0.827746	0.826346	0.851877	0.826338	0.853652	0.763298	0.807381	0.807937	0.938169	0.000000	0.868813	1.000000	0.732560	0.906605	0.774005	0.885916	0.704204	0.680883	0.770998	0.876840	0.843450	0.884195	0.860913	0.944443	0.708442	0.829109	0.882297	0.788142	0.823337	0.809747	0.810088	0.899728	0.889333	0.762524	0.883773	0.833329	0.692945	1.000000	0.780784	0.936066	0.945264	0.789622	0.871233	0.857562	0.845900	0.938118	0.772269	0.872704	0.940966	1.000000	1.000000	0.943247	0.849511	0.975828	0.930906	0.876881	0.895340	0.871233	0.811374	0.880692	0.940346	0.820997	0.831442	0.736138	0.865122	0.917789	1.000000	1.000000	0.975705	0.864952	1.000000	0.943501	0.886495	0.851019	0.922964	0.949378	0.917789	0.875995	0.759588	0.973232	0.790593
0.914283	0.845700	0.839050	0.884043	0.813015	0.948763	0.749718	0.625525	0.879474	0.948072	0.691746	0.743025	0.943304	0.857955	0.795577	0.838115	0.754597	0.958036	0.820177	0.881744	0.711999	0.873180	0.835903	0.834166	0.635838	0.953826	0.736503	0.824302	0.891487	0.829654	0.867393	0.843227	0.749631	0.811536	0.740609	0.804332	0.843259	0.868813	0.000000	0.832091	0.818656	0.747993	0.778980	0.825060	0.760498	0.929217	0.790511	0.936596	0.703982	0.776403	0.821655	0.694703	0.761800	0.607905	0.842843	0.671198	0.884266	0.670758	0.788029	0.848413	0.845965	0.805462	0.942161	0.641059	0.935162	0.701512	0.842610	0.823660	0.928503	0.782426	0.602814	0.660000	0.836816	0.882478	0.765868	0.693093	0.787109	0.897346	0.944151	0.960775	0.898548	0.889828	0.756090	0.817724	0.873127	0.761642	0.785549	0.900430	0.828417	0.904144	0.771592	0.687362	0.764596	0.756599	0.859472	0.812253	0.738361	0.840603	0.869589	0.867704	0.800613	0.915498	0.789698	0.845516	1.000000	0.809902	0.629100	0.813326	0.888753
0.893052	0.884986	0.799170	0.860487	0.840919	1.000000	0.862743	0.823096	0.838213	0.798688	0.843381	0.876604	0.934930	0.876630	0.931057	0.940366	0.900582	0.824290	0.937379	0.954785	0.763988	0.758753	0.897116	0.779651	0.876582	0.867257	1.000000	0.762714	0.886522	0.803143	0.885693	0.885223	0.972164	0.907806	0.712671	0.878884	0.885817	1.000000	0.832091	0.000000	0.927290	0.892957	0.780077	0.768002	0.967493	0.902137	0.893527	0.768110	0.967400	0.804366	0.921791	0.746348	0.838271	0.911538	0.931566	0.876015	0.945467	0.974332	1.000000	0.797746	0.793273	0.941629	1.000000	0.858734	1.000000	0.800950	0.886904	0.763988	0.759681	0.885782	0.948787	0.756106	0.853776	0.926225	0.850111	0.827634	0.908242	0.803495	0.881129	0.940993	0.895901	0.773583	0.926262	0.914794	0.811681	0.814707	0.912820	0.798952	0.848654	0.781854	0.914283	0.889688	1.000000	0.880079	0.820415	1.000000	0.858851	0.935152	0.926262	0.957711	0.809773	0.916013	0.910461	0.872129	0.917436	0.872544	0.953928	0.743754	0.939867
